INSERT INTO Multiplex VALUES ('Titán',6);
INSERT INTO Multiplex VALUES ('Unicentro',5);
INSERT INTO Multiplex VALUES ('Plaza Central',7);
INSERT INTO Multiplex VALUES ('Gran Estación',8);
INSERT INTO Multiplex VALUES ('Embajador',10);
INSERT INTO Multiplex VALUES ('Américas',5);
INSERT INTO Usuario VALUES ('1000520869',1,'Faider Trujillo','3012025465','2021-03-26','Gerente',3000000,'Titán');
INSERT INTO Usuario VALUES ('52863810',2,'Jose Caicedo','3115625465','2020-07-14','Taquillero',1000000,'Titán');
INSERT INTO Usuario VALUES ('76050242',3,'Kevin Duarte','3115669935','2020-02-2','Taquillero',1000000,'Titán');
INSERT INTO Cliente VALUES ('Andres Camargo',1234520869,0,5,5);
INSERT INTO Cliente VALUES ('Pedro Colon',52962850,0,5,5);
INSERT INTO Cliente VALUES ('Kevin Marquez Trujillo',9876543210,0,5,5);
INSERT INTO Salas VALUES ('Titán',1,'{0,0,0,0,0,0,0,0,0,0,0,0,0,0,0,0,0,0,0,0,0,0,0,0,0,0,0,0,0,0,0,0,0,0,0,0,0,0,0,0}','{0,0,0,0,0,0,0,0,0,0,0,0,0,0,0,0,0,0,0,0}');
INSERT INTO Salas VALUES ('Titán',2,'{0,0,0,0,0,0,0,0,0,0,0,0,0,0,0,0,0,0,0,0,0,0,0,0,0,0,0,0,0,0,0,0,0,0,0,0,0,0,0,0}','{0,0,0,0,0,0,0,0,0,0,0,0,0,0,0,0,0,0,0,0}');
INSERT INTO Salas VALUES ('Titán',3,'{0,0,0,0,0,0,0,0,0,0,0,0,0,0,0,0,0,0,0,0,0,0,0,0,0,0,0,0,0,0,0,0,0,0,0,0,0,0,0,0}','{0,0,0,0,0,0,0,0,0,0,0,0,0,0,0,0,0,0,0,0}');
INSERT INTO Salas VALUES ('Titán',4,'{0,0,0,0,0,0,0,0,0,0,0,0,0,0,0,0,0,0,0,0,0,0,0,0,0,0,0,0,0,0,0,0,0,0,0,0,0,0,0,0}','{0,0,0,0,0,0,0,0,0,0,0,0,0,0,0,0,0,0,0,0}');
INSERT INTO Salas VALUES ('Titán',5,'{0,0,0,0,0,0,0,0,0,0,0,0,0,0,0,0,0,0,0,0,0,0,0,0,0,0,0,0,0,0,0,0,0,0,0,0,0,0,0,0}','{0,0,0,0,0,0,0,0,0,0,0,0,0,0,0,0,0,0,0,0}');
INSERT INTO Salas VALUES ('Titán',6,'{0,0,0,0,0,0,0,0,0,0,0,0,0,0,0,0,0,0,0,0,0,0,0,0,0,0,0,0,0,0,0,0,0,0,0,0,0,0,0,0}','{0,0,0,0,0,0,0,0,0,0,0,0,0,0,0,0,0,0,0,0}');
INSERT INTO Salas VALUES ('Unicentro',7,'{0,0,0,0,0,0,0,0,0,0,0,0,0,0,0,0,0,0,0,0,0,0,0,0,0,0,0,0,0,0,0,0,0,0,0,0,0,0,0,0}','{0,0,0,0,0,0,0,0,0,0,0,0,0,0,0,0,0,0,0,0}');
INSERT INTO Salas VALUES ('Unicentro',8,'{0,0,0,0,0,0,0,0,0,0,0,0,0,0,0,0,0,0,0,0,0,0,0,0,0,0,0,0,0,0,0,0,0,0,0,0,0,0,0,0}','{0,0,0,0,0,0,0,0,0,0,0,0,0,0,0,0,0,0,0,0}');
INSERT INTO Salas VALUES ('Unicentro',9,'{0,0,0,0,0,0,0,0,0,0,0,0,0,0,0,0,0,0,0,0,0,0,0,0,0,0,0,0,0,0,0,0,0,0,0,0,0,0,0,0}','{0,0,0,0,0,0,0,0,0,0,0,0,0,0,0,0,0,0,0,0}');
INSERT INTO Salas VALUES ('Unicentro',10,'{0,0,0,0,0,0,0,0,0,0,0,0,0,0,0,0,0,0,0,0,0,0,0,0,0,0,0,0,0,0,0,0,0,0,0,0,0,0,0,0}','{0,0,0,0,0,0,0,0,0,0,0,0,0,0,0,0,0,0,0,0}');
INSERT INTO Salas VALUES ('Unicentro',11,'{0,0,0,0,0,0,0,0,0,0,0,0,0,0,0,0,0,0,0,0,0,0,0,0,0,0,0,0,0,0,0,0,0,0,0,0,0,0,0,0}','{0,0,0,0,0,0,0,0,0,0,0,0,0,0,0,0,0,0,0,0}');
INSERT INTO Salas VALUES ('Plaza Central',12,'{0,0,0,0,0,0,0,0,0,0,0,0,0,0,0,0,0,0,0,0,0,0,0,0,0,0,0,0,0,0,0,0,0,0,0,0,0,0,0,0}','{0,0,0,0,0,0,0,0,0,0,0,0,0,0,0,0,0,0,0,0}');
INSERT INTO Salas VALUES ('Plaza Central',13,'{0,0,0,0,0,0,0,0,0,0,0,0,0,0,0,0,0,0,0,0,0,0,0,0,0,0,0,0,0,0,0,0,0,0,0,0,0,0,0,0}','{0,0,0,0,0,0,0,0,0,0,0,0,0,0,0,0,0,0,0,0}');
INSERT INTO Salas VALUES ('Plaza Central',14,'{0,0,0,0,0,0,0,0,0,0,0,0,0,0,0,0,0,0,0,0,0,0,0,0,0,0,0,0,0,0,0,0,0,0,0,0,0,0,0,0}','{0,0,0,0,0,0,0,0,0,0,0,0,0,0,0,0,0,0,0,0}');
INSERT INTO Salas VALUES ('Plaza Central',15,'{0,0,0,0,0,0,0,0,0,0,0,0,0,0,0,0,0,0,0,0,0,0,0,0,0,0,0,0,0,0,0,0,0,0,0,0,0,0,0,0}','{0,0,0,0,0,0,0,0,0,0,0,0,0,0,0,0,0,0,0,0}');
INSERT INTO Salas VALUES ('Plaza Central',16,'{0,0,0,0,0,0,0,0,0,0,0,0,0,0,0,0,0,0,0,0,0,0,0,0,0,0,0,0,0,0,0,0,0,0,0,0,0,0,0,0}','{0,0,0,0,0,0,0,0,0,0,0,0,0,0,0,0,0,0,0,0}');
INSERT INTO Salas VALUES ('Plaza Central',17,'{0,0,0,0,0,0,0,0,0,0,0,0,0,0,0,0,0,0,0,0,0,0,0,0,0,0,0,0,0,0,0,0,0,0,0,0,0,0,0,0}','{0,0,0,0,0,0,0,0,0,0,0,0,0,0,0,0,0,0,0,0}');
INSERT INTO Salas VALUES ('Plaza Central',18,'{0,0,0,0,0,0,0,0,0,0,0,0,0,0,0,0,0,0,0,0,0,0,0,0,0,0,0,0,0,0,0,0,0,0,0,0,0,0,0,0}','{0,0,0,0,0,0,0,0,0,0,0,0,0,0,0,0,0,0,0,0}');
INSERT INTO Salas VALUES ('Gran Estación',19,'{0,0,0,0,0,0,0,0,0,0,0,0,0,0,0,0,0,0,0,0,0,0,0,0,0,0,0,0,0,0,0,0,0,0,0,0,0,0,0,0}','{0,0,0,0,0,0,0,0,0,0,0,0,0,0,0,0,0,0,0,0}');
INSERT INTO Salas VALUES ('Gran Estación',20,'{0,0,0,0,0,0,0,0,0,0,0,0,0,0,0,0,0,0,0,0,0,0,0,0,0,0,0,0,0,0,0,0,0,0,0,0,0,0,0,0}','{0,0,0,0,0,0,0,0,0,0,0,0,0,0,0,0,0,0,0,0}');
INSERT INTO Salas VALUES ('Gran Estación',21,'{0,0,0,0,0,0,0,0,0,0,0,0,0,0,0,0,0,0,0,0,0,0,0,0,0,0,0,0,0,0,0,0,0,0,0,0,0,0,0,0}','{0,0,0,0,0,0,0,0,0,0,0,0,0,0,0,0,0,0,0,0}');
INSERT INTO Salas VALUES ('Gran Estación',22,'{0,0,0,0,0,0,0,0,0,0,0,0,0,0,0,0,0,0,0,0,0,0,0,0,0,0,0,0,0,0,0,0,0,0,0,0,0,0,0,0}','{0,0,0,0,0,0,0,0,0,0,0,0,0,0,0,0,0,0,0,0}');
INSERT INTO Salas VALUES ('Gran Estación',23,'{0,0,0,0,0,0,0,0,0,0,0,0,0,0,0,0,0,0,0,0,0,0,0,0,0,0,0,0,0,0,0,0,0,0,0,0,0,0,0,0}','{0,0,0,0,0,0,0,0,0,0,0,0,0,0,0,0,0,0,0,0}');
INSERT INTO Salas VALUES ('Gran Estación',24,'{0,0,0,0,0,0,0,0,0,0,0,0,0,0,0,0,0,0,0,0,0,0,0,0,0,0,0,0,0,0,0,0,0,0,0,0,0,0,0,0}','{0,0,0,0,0,0,0,0,0,0,0,0,0,0,0,0,0,0,0,0}');
INSERT INTO Salas VALUES ('Gran Estación',25,'{0,0,0,0,0,0,0,0,0,0,0,0,0,0,0,0,0,0,0,0,0,0,0,0,0,0,0,0,0,0,0,0,0,0,0,0,0,0,0,0}','{0,0,0,0,0,0,0,0,0,0,0,0,0,0,0,0,0,0,0,0}');
INSERT INTO Salas VALUES ('Gran Estación',26,'{0,0,0,0,0,0,0,0,0,0,0,0,0,0,0,0,0,0,0,0,0,0,0,0,0,0,0,0,0,0,0,0,0,0,0,0,0,0,0,0}','{0,0,0,0,0,0,0,0,0,0,0,0,0,0,0,0,0,0,0,0}');
INSERT INTO Salas VALUES ('Embajador',27,'{0,0,0,0,0,0,0,0,0,0,0,0,0,0,0,0,0,0,0,0,0,0,0,0,0,0,0,0,0,0,0,0,0,0,0,0,0,0,0,0}','{0,0,0,0,0,0,0,0,0,0,0,0,0,0,0,0,0,0,0,0}');
INSERT INTO Salas VALUES ('Embajador',28,'{0,0,0,0,0,0,0,0,0,0,0,0,0,0,0,0,0,0,0,0,0,0,0,0,0,0,0,0,0,0,0,0,0,0,0,0,0,0,0,0}','{0,0,0,0,0,0,0,0,0,0,0,0,0,0,0,0,0,0,0,0}');
INSERT INTO Salas VALUES ('Embajador',29,'{0,0,0,0,0,0,0,0,0,0,0,0,0,0,0,0,0,0,0,0,0,0,0,0,0,0,0,0,0,0,0,0,0,0,0,0,0,0,0,0}','{0,0,0,0,0,0,0,0,0,0,0,0,0,0,0,0,0,0,0,0}');
INSERT INTO Salas VALUES ('Embajador',30,'{0,0,0,0,0,0,0,0,0,0,0,0,0,0,0,0,0,0,0,0,0,0,0,0,0,0,0,0,0,0,0,0,0,0,0,0,0,0,0,0}','{0,0,0,0,0,0,0,0,0,0,0,0,0,0,0,0,0,0,0,0}');
INSERT INTO Salas VALUES ('Embajador',31,'{0,0,0,0,0,0,0,0,0,0,0,0,0,0,0,0,0,0,0,0,0,0,0,0,0,0,0,0,0,0,0,0,0,0,0,0,0,0,0,0}','{0,0,0,0,0,0,0,0,0,0,0,0,0,0,0,0,0,0,0,0}');
INSERT INTO Salas VALUES ('Embajador',32,'{0,0,0,0,0,0,0,0,0,0,0,0,0,0,0,0,0,0,0,0,0,0,0,0,0,0,0,0,0,0,0,0,0,0,0,0,0,0,0,0}','{0,0,0,0,0,0,0,0,0,0,0,0,0,0,0,0,0,0,0,0}');
INSERT INTO Salas VALUES ('Embajador',33,'{0,0,0,0,0,0,0,0,0,0,0,0,0,0,0,0,0,0,0,0,0,0,0,0,0,0,0,0,0,0,0,0,0,0,0,0,0,0,0,0}','{0,0,0,0,0,0,0,0,0,0,0,0,0,0,0,0,0,0,0,0}');
INSERT INTO Salas VALUES ('Embajador',34,'{0,0,0,0,0,0,0,0,0,0,0,0,0,0,0,0,0,0,0,0,0,0,0,0,0,0,0,0,0,0,0,0,0,0,0,0,0,0,0,0}','{0,0,0,0,0,0,0,0,0,0,0,0,0,0,0,0,0,0,0,0}');
INSERT INTO Salas VALUES ('Embajador',35,'{0,0,0,0,0,0,0,0,0,0,0,0,0,0,0,0,0,0,0,0,0,0,0,0,0,0,0,0,0,0,0,0,0,0,0,0,0,0,0,0}','{0,0,0,0,0,0,0,0,0,0,0,0,0,0,0,0,0,0,0,0}');
INSERT INTO Salas VALUES ('Embajador',36,'{0,0,0,0,0,0,0,0,0,0,0,0,0,0,0,0,0,0,0,0,0,0,0,0,0,0,0,0,0,0,0,0,0,0,0,0,0,0,0,0}','{0,0,0,0,0,0,0,0,0,0,0,0,0,0,0,0,0,0,0,0}');
INSERT INTO Salas VALUES ('Américas',37,'{0,0,0,0,0,0,0,0,0,0,0,0,0,0,0,0,0,0,0,0,0,0,0,0,0,0,0,0,0,0,0,0,0,0,0,0,0,0,0,0}','{0,0,0,0,0,0,0,0,0,0,0,0,0,0,0,0,0,0,0,0}');
INSERT INTO Salas VALUES ('Américas',38,'{0,0,0,0,0,0,0,0,0,0,0,0,0,0,0,0,0,0,0,0,0,0,0,0,0,0,0,0,0,0,0,0,0,0,0,0,0,0,0,0}','{0,0,0,0,0,0,0,0,0,0,0,0,0,0,0,0,0,0,0,0}');
INSERT INTO Salas VALUES ('Américas',39,'{0,0,0,0,0,0,0,0,0,0,0,0,0,0,0,0,0,0,0,0,0,0,0,0,0,0,0,0,0,0,0,0,0,0,0,0,0,0,0,0}','{0,0,0,0,0,0,0,0,0,0,0,0,0,0,0,0,0,0,0,0}');
INSERT INTO Salas VALUES ('Américas',40,'{0,0,0,0,0,0,0,0,0,0,0,0,0,0,0,0,0,0,0,0,0,0,0,0,0,0,0,0,0,0,0,0,0,0,0,0,0,0,0,0}','{0,0,0,0,0,0,0,0,0,0,0,0,0,0,0,0,0,0,0,0}');
INSERT INTO Salas VALUES ('Américas',41,'{0,0,0,0,0,0,0,0,0,0,0,0,0,0,0,0,0,0,0,0,0,0,0,0,0,0,0,0,0,0,0,0,0,0,0,0,0,0,0,0}','{0,0,0,0,0,0,0,0,0,0,0,0,0,0,0,0,0,0,0,0}');